100 0.00 1
100 0.00 2
100 0.00 3
100 0.00 4
100 0.01 5
100 0.01 6
100 0.01 7
100 0.01 8
200 0.01 1
200 0.01 2
200 0.00 3
200 0.00 4
200 0.02 5
200 0.03 6
200 0.02 7
200 0.03 8
300 0.03 1
300 0.02 2
300 0.02 3
300 0.01 4
300 0.05 5
300 0.05 6
300 0.04 7
300 0.05 8
400 0.08 1
400 0.04 2
400 0.03 3
400 0.03 4
400 0.06 5
400 0.06 6
400 0.07 7
400 0.08 8
500 0.14 1
500 0.09 2
500 0.06 3
500 0.04 4
500 0.09 5
500 0.09 6
500 0.10 7
500 0.11 8
600 0.25 1
600 0.13 2
600 0.09 3
600 0.07 4
600 0.14 5
600 0.14 6
600 0.17 7
600 0.15 8
700 0.42 1
700 0.23 2
700 0.15 3
700 0.13 4
700 0.19 5
700 0.20 6
700 0.20 7
700 0.21 8
800 0.61 1
800 0.31 2
800 0.22 3
800 0.18 4
800 0.25 5
800 0.25 6
800 0.36 7
800 0.30 8
