100 0.01 1
100 0.01 2
100 0.01 3
100 0.01 4
100 0.01 5
100 0.02 6
100 0.03 7
100 0.02 8
200 0.02 1
200 0.02 2
200 0.02 3
200 0.03 4
200 0.03 5
200 0.04 6
200 0.06 7
200 0.05 8
300 0.05 1
300 0.04 2
300 0.03 3
300 0.04 4
300 0.05 5
300 0.07 6
300 0.07 7
300 0.09 8
400 0.11 1
400 0.08 2
400 0.07 3
400 0.06 4
400 0.09 5
400 0.09 6
400 0.10 7
400 0.12 8
500 0.20 1
500 0.13 2
500 0.11 3
500 0.13 4
500 0.15 5
500 0.15 6
500 0.16 7
500 0.17 8
600 0.34 1
600 0.20 2
600 0.20 3
600 0.15 4
600 0.24 5
600 0.25 6
600 0.21 7
600 0.22 8
700 0.50 1
700 0.29 2
700 0.22 3
700 0.19 4
700 0.28 5
700 0.28 6
700 0.27 7
700 0.29 8
800 0.71 1
800 0.41 2
800 0.36 3
800 0.36 4
800 0.46 5
800 0.42 6
800 0.37 7
800 0.37 8
